import numpy as np

pos2idx = np.array([[(), (), (), (), (), (), (), (), (), (), ()],
                    [(), (0, 0), (), (), (), (), (), (), (), (), ()],
                    [(), (1, 0), (0, 1), (), (), (), (), (), (), (), ()],
                    [(), (2, 0), (1, 1), (0, 2), (), (), (), (), (), (), ()],
                    [(), (3, 0), (2, 1), (1, 2), (0, 3), (), (), (), (), (), ()],
                    [(), (4, 0), (3, 1), (2, 2), (1, 3), (0, 4), (), (), (), (), ()],
                    [(), (5, 0), (4, 1), (3, 2), (2, 3), (1, 4), (0, 5), (), (), (), ()],
                    [(), (6, 0), (5, 1), (4, 2), (3, 3), (2, 4), (1, 5), (0, 6), (), (), ()],
                    [(), (7, 0), (6, 1), (5, 2), (4, 3), (3, 4), (2, 5), (1, 6), (0, 7), (), ()],
                    [(), (8, 0), (7, 1), (6, 2), (5, 3), (4, 4), (3, 5), (2, 6), (1, 7), (0, 8), ()],
                    [(), (9, 0), (8, 1), (7, 2), (6, 3), (5, 4), (4, 5), (3, 6), (2, 7), (1, 8), (0, 9)],
                    [(), (9, 1), (8, 2), (7, 3), (6, 4), (5, 5), (4, 6), (3, 7), (2, 8), (1, 9), ()],
                    [(), (9, 2), (8, 3), (7, 4), (6, 5), (5, 6), (4, 7), (3, 8), (2, 9), (), ()],
                    [(), (9, 3), (8, 4), (7, 5), (6, 6), (5, 7), (4, 8), (3, 9), (), (), ()],
                    [(), (9, 4), (8, 5), (7, 6), (6, 7), (5, 8), (4, 9), (), (), (), ()],
                    [(), (9, 5), (8, 6), (7, 7), (6, 8), (5, 9), (), (), (), (), ()],
                    [(), (9, 6), (8, 7), (7, 8), (6, 9), (), (), (), (), (), ()],
                    [(), (9, 7), (8, 8), (7, 9), (), (), (), (), (), (), ()],
                    [(), (9, 8), (8, 9), (), (), (), (), (), (), (), ()],
                    [(), (9, 9), (), (), (), (), (), (), (), (), ()],
                    [(), (), (), (), (), (), (), (), (), (), ()]], dtype=np.object)

idx2pos = np.array([[(1, 1), (2, 2), (3, 3), (4, 4), (5, 5), (6, 6), (7, 7), (8, 8), (9, 9), (10, 10)],
                    [(2, 1), (3, 2), (4, 3), (5, 4), (6, 5), (7, 6), (8, 7), (9, 8), (10, 9), (11, 9)],
                    [(3, 1), (4, 2), (5, 3), (6, 4), (7, 5), (8, 6), (9, 7), (10, 8), (11, 8), (12, 8)],
                    [(4, 1), (5, 2), (6, 3), (7, 4), (8, 5), (9, 6), (10, 7), (11, 7), (12, 7), (13, 7)],
                    [(5, 1), (6, 2), (7, 3), (8, 4), (9, 5), (10, 6), (11, 6), (12, 6), (13, 6), (14, 6)],
                    [(6, 1), (7, 2), (8, 3), (9, 4), (10, 5), (11, 5), (12, 5), (13, 5), (14, 5), (15, 5)],
                    [(7, 1), (8, 2), (9, 3), (10, 4), (11, 4), (12, 4), (13, 4), (14, 4), (15, 4), (16, 4)],
                    [(8, 1), (9, 2), (10, 3), (11, 3), (12, 3), (13, 3), (14, 3), (15, 3), (16, 3), (17, 3)],
                    [(9, 1), (10, 2), (11, 2), (12, 2), (13, 2), (14, 2), (15, 2), (16, 2), (17, 2), (18, 2)],
                    [(10, 1), (11, 1), (12, 1), (13, 1), (14, 1), (15, 1), (16, 1), (17, 1), (18, 1), (19, 1)]],
                   dtype=np.object)

chess_score = np.array([
    [450, 445, 439, 429, 418, 403, 387, 367, 346, 321],
    [445, 440, 430, 419, 404, 388, 368, 347, 322, 296],
    [439, 430, 420, 405, 389, 369, 348, 323, 297, 267],
    [429, 419, 405, 390, 370, 349, 324, 298, 268, 237],
    [418, 404, 389, 370, 350, 325, 299, 269, 238, 203],
    [403, 388, 369, 349, 325, 300, 270, 239, 204, 168],
    [387, 368, 348, 324, 299, 270, 240, 205, 169, 129],
    [367, 347, 323, 298, 269, 239, 205, 170, 130, 89],
    [346, 322, 297, 268, 238, 204, 169, 130, 90, 45],
    [321, 296, 267, 237, 203, 168, 129, 89, 45, 0],
])
